50
9
677 43 5 1 27 45 408 323 9
10
1 1332 65 2231 164 2699 217 2 808 404
10
1 2 1 10 2 14 829 28 1664 816
7
18 6 141 254 18 247 1
7
49 1671 326 1703 3900 4 208
9
1 2 595 1525 403 60 84 1054 961
11
4111 2347 175 1271 5 7 55 304 7 14 9
12
51 14 153 72 1345 1 2 3318 1 352 3727 3
15
9 33 171 6 1627 497 3 3 5 163 1007 676 5 222 1779
12
190 548 3 174 673 874 3 1407 72 1 3229 82
15
36 8 1395 7 10 4 2142 1964 1 7 24 1 103 57 2
9
543 1 6 30 20 2986 1145 2897 1301
12
707 5 6 1 3 407 746 3 19 1 260 289
11
510 541 19 58 1020 1 1921 2104 1 43 34
13
473 157 1177 511 346 5 68 5 37 591 171 12 64
12
10 462 1 3769 1414 625 868 629 3 85 43 15
7
557 1 867 71 782 1 1
7
3858 1 42 1233 4 3307 26
9
2079 1 1084 854 3573 2 416 11 1
12
16 2 21 470 191 50 600 26 12 115 789 1
7
28 1 1 4 11 4 37
13
754 2 86 1 3 139 4 5 70 28 1 1031 6
7
582 99 1 1 129 28 335
7
66 146 2 21 23 29 7
11
5 31 456 420 1 6 5 3 780 50 1730
9
4 1326 702 678 3141 13 233 3 3192
7
1 2 108 10 1 24 129
9
2701 2078 17 4 25 115 1 2 3807
6
1428 20 1027 3 473 1862
14
1 1 154 1257 361 5 195 1523 558 679 41 23 11 3
9
164 764 8 1 589 7 839 633 65
11
59 12 2462 603 8 2 1083 3179 5 66 9
13
2954 526 6 20 147 1 192 3650 947 542 44 90 75
7
111 2927 1 2588 1223 221 1
9
2 347 1 7 1 156 24 147 547
9
1997 657 48 5 36 29 3 2012 76
7
976 3850 5 3166 10 2 816
12
69 28 61 13 252 2 12 446 377 5 268 1
11
3 746 9 58 25 112 9 18 4 768 24
8
169 12 56 25 75 5 217 279
9
1287 2039 27 1592 59 104 3850 442 5
13
23 1 1051 8 249 70 1 283 547 2 6 103 20
9
2 356 2 1 12 1118 817 1 90
10
17 365 494 467 1184 37 72 3 27 1108
13
8 30 151 1436 4 4 33 375 1866 145 5 879 1
11
682 152 1887 2479 9 2 47 1068 797 1774 3
11
13 3 121 1 110 38 1 19 2 4 1
11
29 3 3 2943 96 3 161 172 2234 1 486
10
1 296 102 136 2371 2 24 850 5 1173
11
4 1 29 408 634 8 14 748 372 1 1
