100
590 735 126
647 92 89
792 983 208
5 1 1
85 413 80
445 354 126
653 74 180
125 476 473
3 5 1
140 402 118
5 1 4
976 232 43
513 513 512
1000 1000 1
968 241 425
45 56 35
156 471 95
1 2 2
15 579 410
682 500 532
708 886 127
866 620 493
103 143 88
819 311 295
513 513 1
2 2 2
478 61 37
786 81 109
780 73 58
4 5 2
240 158 802
660 167 125
604 300 182
432 427 829
689 614 456
624 629 6
1 1 1
449 868 12
2 3 4
694 976 600
5 3 1
695 109 101
612 696 803
512 512 2
488 377 739
663 888 839
3 4 1
131 136 790
437 256 828
2 2 2
822 39 96
234 672 168
4 5 4
489 965 853
512 512 513
512 512 257
898 972 124
585 490 466
7 8 5
455 936 637
679 946 745
512 512 256
171 911 125
513 513 256
1 1 1000
5 1 5
513 513 257
2 5 5
4 4 4
971 806 625
78 999 71
997 254 126
618 479 438
191 765 562
3 4 2
2 1 1
354 502 217
5 2 2
4 4 5
934 623 690
15 861 15
37 143 28
4 5 4
660 5 4
512 512 1
3 4 4
838 968 497
422 195 61
452 550 879
507 172 106
4 1 1
1 1 5
372 824 496
513 513 2
275 587 149
846 428 697
855 627 948
815 916 891
374 370 299
49 851 135
