100
612 696 803
843291372 411173824 497655158
264008786 6978081 892299949
4 4 5
512 512 513
653 74 180
846 428 697
536870911 536870911 536870911
898 972 124
798775815 118218916 446158382
2 2 2
5 1 5
512 512 2
3 4 2
5 2 2
585 490 466
1000000000 1000000000 1000000000
3 4 1
819 311 295
52859131 976175136 225779540
266398432 804084427 781517340
689 614 456
512 512 257
513 513 1
7 8 5
397883488 908438377 700828986
513 513 512
997 254 126
5 3 1
3 5 1
513 513 2
577509452 781586550 972173439
2 5 5
507 172 106
866 620 493
734590125 125970476 862410884
83552968 602860241 716890792
49 851 135
513 513 256
275 587 149
1000 1000 1
780 73 58
478 61 37
1 1 1000
647 92 89
1 1 1
191 765 562
422 195 61
512 512 1
354 502 217
2 1 1
604 300 182
512 512 256
4 4 4
15 579 410
103 143 88
85 413 80
234 672 168
140 402 118
850599240 65051158 118830379
708 886 127
1 2 2
15 861 15
156 471 95
3 4 4
316482679 938955946 926442193
2 2 2
971 806 625
694 976 600
513 513 257
4 5 4
663 888 839
618 479 438
822 39 96
660 167 125
171 911 125
2 3 4
1 1 5
437 256 828
45 56 35
4 1 1
37 143 28
792 983 208
551601489 245005965 631912209
445 354 126
292232855 748201627 716336264
78 999 71
976 232 43
449 868 12
536870911 536870911 536870910
660 5 4
374 370 299
963452934 374058623 629133252
13419455 299210936 505900675
4 5 2
682 500 532
4 5 4
624 629 6
5 1 1
5 1 4
