100
4
1 2
2 0
0 0
1 1
5
0 0
1 1
2 2
0 2
2 0
3
0 0
1 0
0 1
7
2 -1
1 2
1 0
-1 2
2 0
-2 1
0 1
8
4 0
2 0
0 0
1 2
1 0
5 0
3 0
5 -5
5
4 6
2 13
1 7
0 12
3 12
10
-14 35
4 -9
-43 28
30 18
-37 -13
41 -5
-7 49
-29 -45
34 -27
13 40
10
-94 0
75 -100
75 -91
100 0
75 -96
75 0
-100 0
-85 0
75 -92
75 -99
8
100 -75
0 87
0 100
99 -75
0 -100
0 -75
0 98
0 -94
9
3 3
1 1
3 1
3 2
2 1
1 2
2 2
1 3
2 3
5
-65 -65
65 -65
-65 65
65 65
-6 -65
5
75 -99
75 0
100 0
75 -100
-100 0
7
0 0
3 0
4 0
1 1
1 0
5 -3
2 0
6
-43 -37
-4 -24
-41 -27
-15 19
39 30
32 -17
10
0 100
0 96
-100 75
0 75
0 99
-95 75
0 84
-99 75
0 -86
0 -100
5
-75 -99
-75 0
-100 0
100 0
-75 -100
10
-2 -1
-2 1
0 0
1 -3
1 0
-1 -2
-2 -3
2 -1
-1 -1
2 2
4
2 1
2 2
1 2
1 1
5
-58 -58
58 -58
58 58
58 25
-58 58
10
100 -100
100 76
-100 -98
-100 -68
-100 100
-65 -100
-100 -100
100 100
1 100
23 100
7
-2 2
-2 -2
0 1
2 -1
1 -2
1 1
2 0
6
44 -33
-32 -22
22 -23
-27 -33
-41 7
-43 47
4
1 2
2 1
2 2
1 1
10
27 36
39 9
-45 36
-9 25
-41 -47
30 13
36 -21
-11 0
-44 11
19 -4
5
1 -1
-2 0
-1 -2
2 1
2 -1
10
1 2
-2 1
2 1
-3 2
-2 -2
1 -3
-2 -3
-1 -2
-1 -1
1 0
8
1 0
1 -1
2 1
0 0
-3 0
-3 1
-1 -1
2 -3
9
-30 48
36 -20
29 -19
-22 -50
-21 25
18 -20
19 25
-23 22
36 0
6
0 100
100 75
0 -100
0 75
80 75
99 75
6
-12 9
5 26
-31 20
46 46
-15 14
-1 -37
8
-1 0
-2 -1
-3 -3
2 -2
0 -3
-1 -1
1 0
1 -1
5
0 75
0 -100
0 100
-99 75
-100 75
10
0 5
0 0
0 6
3 4
0 3
0 1
0 2
-12 3
0 4
0 7
7
4 0
0 0
2 -9
1 3
3 0
1 0
2 0
6
-11 -2
33 -33
-24 -12
-25 44
-37 5
-20 16
9
-44 -45
19 43
12 -17
2 8
6 -3
50 35
-41 12
27 -24
-17 48
8
-75 100
-75 81
-75 0
-77 0
-79 0
-75 99
-100 0
100 0
9
-32 -25
49 33
-17 -8
-45 24
-25 4
37 -8
7 -6
38 -5
-17 38
5
-99 -75
-100 -75
0 100
0 -75
0 -100
6
1 99
3 44
5 66
4 3
2 97
0 69
10
-7 7
0 4
0 7
0 0
0 5
0 2
0 3
0 6
2 2
0 1
10
-91 0
-100 0
79 0
-75 0
-75 99
-75 91
87 0
100 0
-82 0
-75 100
9
88 -12
88 -76
68 -88
18 -88
88 -88
-88 -88
-88 6
-88 88
88 88
8
2 2
1 -1
-2 2
-1 0
-3 -1
-2 1
-2 -2
1 -3
6
47 23
30 17
-9 -26
45 -10
-50 28
-30 -28
5
-40 -7
-44 35
41 -7
24 -17
5 -33
10
-12 -31
18 2
-37 -12
-8 -5
-4 -4
-9 48
12 9
-50 -47
40 -49
12 45
5
27 -31
-49 -38
34 43
-22 39
-26 -24
6
1 0
4 -1
0 1
0 0
2 0
3 0
10
4 0
7 3
8 6
3 6
6 7
2 0
5 0
0 7
9 5
1 4
9
-75 100
93 0
82 0
-100 0
-75 0
-96 0
-75 99
-75 81
100 0
5
100 0
75 0
75 -100
75 -99
-100 0
6
0 100
-98 75
-99 75
0 75
0 -100
-100 75
7
38 22
30 -48
17 -33
-7 -36
5 -4
-15 -39
0 4
5
4 6
0 11
1 39
2 35
3 33
8
2 32
5 81
0 83
4 43
7 47
1 38
6 25
3 32
4
100 100
-100 100
-100 -100
100 -100
10
1 2
7 2
9 1
4 1
5 2
0 2
6 1
8 0
2 0
3 0
6
-17 -30
34 11
18 4
-18 -48
27 5
-46 44
8
0 75
86 75
99 75
0 87
0 -100
100 75
0 100
95 75
5
0 -100
100 75
99 75
0 100
0 75
5
100 0
75 100
-100 0
75 99
75 0
6
-2 0
2 0
2 2
1 -1
1 2
0 0
9
1 5
0 3
0 0
-10 0
0 2
0 4
0 6
0 5
0 1
8
22 -14
36 38
-28 40
12 38
22 -43
35 48
26 -12
-48 5
10
-93 -75
0 -75
-100 -75
0 78
-87 -75
0 100
0 83
0 -100
-99 -75
0 -80
9
-86 -3
86 86
86 85
-86 86
-81 86
86 -86
-86 -86
-48 86
86 -19
5
17 19
-36 -22
-48 -28
6 -28
-27 -44
5
-78 78
-78 -78
78 78
78 -78
-6 -78
5
-100 0
-75 100
-75 99
100 0
-75 0
8
6 14
7 50
3 24
5 54
2 18
0 47
4 44
1 25
9
0 65
1 20
3 58
6 52
7 19
4 41
5 53
8 3
2 5
7
29 42
28 10
42 11
15 -48
6 -41
31 -10
-15 -18
10
3 98
7 88
9 85
5 31
0 38
6 41
8 73
2 79
1 46
4 43
9
0 3
0 2
2 7
0 5
0 6
-7 6
0 1
0 0
0 4
5
0 -100
100 75
99 75
0 75
0 100
10
-9 -46
26 -45
11 35
-8 17
15 -31
-24 16
4 28
5 50
0 -24
-10 -34
6
100 0
75 99
-100 0
75 0
75 100
88 0
3
50 10
34 46
12 -34
5
90 -90
-90 -50
90 90
-90 90
-90 -90
8
0 -75
0 -86
-88 -75
-99 -75
0 -100
-98 -75
-100 -75
0 100
10
3 17
8 85
0 0
7 50
1 16
5 12
2 61
4 86
6 38
9 28
7
0 -2
2 -2
-1 -1
1 0
-2 2
2 1
2 0
10
4 5
5 0
4 0
0 0
7 0
1 0
8 -9
3 0
6 0
2 0
4
1 2
2 1
2 2
1 1
6
1 0
2 1
-2 1
0 -2
0 1
1 -1
9
-3 -2
1 -1
1 1
-3 -3
-2 -1
-1 -1
0 -1
-3 0
-1 0
6
98 98
98 -98
98 -41
-88 -98
-98 -98
-98 98
9
-48 15
-33 38
17 21
12 33
-14 -33
15 35
-10 49
-46 4
27 -12
7
3 5
0 4
0 1
0 3
0 0
0 2
-7 3
4
2 1
1 2
2 2
1 1
6
-29 -18
31 3
2 -32
-21 35
38 25
34 -32
10
7 0
5 0
3 0
0 0
2 0
8 7
4 0
6 0
1 0
2 -7
6
-1 2
2 2
0 2
2 -1
2 1
-1 -1
9
4 -41
9 -19
-5 -29
-33 20
2 -38
1 8
35 -20
2 -22
-6 -23
9
-23 -19
-43 -27
12 19
-46 -28
-32 3
0 36
-38 -37
-48 20
34 38
5
0 100
0 -100
-99 -75
0 -75
-100 -75
10
-14 45
20 -47
4 -19
9 22
-31 13
-3 -32
11 -15
-19 18
-21 5
-50 5
4
1 1
2 2
1 2
2 1
5
0 -100
0 100
0 -75
100 -75
99 -75
